56119
54756
37339
61875
55514
95994
61270
64465
49037
97184
28193
58783
48723
63507
40825
37484
57164
111117
52218
28245
59237
59797
63312
104938
54502
56409
48977
55300
63084
77284
47678
53062
52451
62215
50818
39894
54876
59440
47516
28869
37239
61335
59187
20664
105963
53490
55596
44204
75344
22965
30847
62408
57161
63474
41309
87602
58471
62275
57098
74465
67886
43263
57488
63072
51480
56772
38777
36129
122503
58662
17121
20923
39573
64121
60724
58807
25217
41344
50596
56364
60198
61102
53188
75719
59034
62603
61293
44572
96354
54856
62090
58841
64664
59339
59657
59824
58571
52526
28157
65140
